START -4176 660 5088 -1256 -2329 615 END
START -4140 568 4768 -1710 -2436 753 END
START -4220 720 5576 -1359 -2513 1406 END
START -3804 1064 6236 -1054 -2402 1838 END
START -3660 1020 6440 -742 -1956 2069 END
START -3960 900 6488 -454 -1209 2018 END
START -4496 1064 6180 -428 -88 2473 END
START -4816 1060 6136 -296 -154 3121 END
START -4668 976 5784 -324 -859 3721 END
START -4412 1004 5576 -805 -1816 4020 END
START -4048 764 5612 -1509 -882 4196 END
START -4096 668 5620 -2084 -796 4298 END
START -4096 832 5680 -2539 -1362 4509 END
START -3940 820 5952 -2970 -1534 4688 END
START -3896 712 6024 -2941 -1715 4759 END
START -3808 772 6108 -3001 -1357 5422 END
START -3452 872 6048 -2715 -2230 6021 END
START -2428 752 5980 -2425 -2821 6254 END
START -1800 852 5848 -2164 -1939 6067 END
START -1496 856 5768 -2107 -2408 5827 END
START -984 772 5488 -2164 -2183 5365 END
START -984 828 5448 -2248 -1920 5117 END
START -884 704 5448 -2522 -2668 5061 END
START -452 748 5736 -2753 -2696 5141 END
START -68 944 6176 -2797 -2162 4878 END
START 228 920 6492 -2426 -1508 4604 END
START 496 988 6848 -1736 -936 4437 END
START 556 1184 6312 -1368 -784 4072 END
START 704 852 6040 -1382 -929 3735 END
START 920 760 5428 -1683 -723 3453 END
START 908 816 5304 -2176 -817 2900 END
START 876 716 5428 -2540 -1103 2351 END
START 892 656 5816 -2572 -1035 1736 END
START 504 552 6076 -2306 -1624 1119 END
START 208 428 6108 -1946 -1307 822 END
START -104 412 6148 -1583 -929 643 END
START -408 244 5952 -1238 -1064 363 END
START -1004 376 5728 -927 -1587 272 END
START -1076 600 5160 -1281 -1534 788 END
START -1312 28 5404 -1669 -1147 847 END
START -1224 296 5496 -2200 -1083 862 END
START -972 316 5616 -2869 -487 906 END
START -1052 168 5792 -3416 71 748 END
START -1160 260 5868 -3760 513 700 END
START -1156 220 6140 -4026 710 694 END
START -1132 448 6336 -4204 553 674 END
START -948 552 6732 -4285 538 461 END
START -1032 712 6928 -4183 553 64 END
START -1192 664 6916 -4091 300 -200 END
START -1236 588 7344 -3980 191 -288 END
START -1260 520 7316 -3868 379 -344 END
START -1540 468 7536 -3769 506 -287 END
START -1652 540 7704 -3847 924 -60 END
START -1640 504 7968 -3915 1570 153 END
START -1880 332 8576 -3778 2376 473 END
START -1556 16 9428 -3398 3265 878 END
START -1416 -104 9932 -2485 3956 1022 END
START -1076 -220 10088 -732 3209 1068 END
START -364 -56 9572 912 903 666 END
START 352 -172 8824 1599 -257 -8 END
START 944 -104 8376 1769 -1410 -1083 END
START 1156 -284 8416 1787 -2314 -2651 END
START 956 -48 8200 2003 -1916 -3562 END
START 892 -160 8220 2374 -1825 -4541 END
START 624 -164 7996 2809 -2463 -5256 END
START 276 -280 7620 3216 -2440 -5562 END
START -44 -492 7372 3718 -1766 -5673 END
START -176 -404 7248 4776 -731 -5750 END
START -104 -168 6424 5406 -698 -5775 END
START -52 -152 5732 5404 -995 -5932 END
START 196 4 4736 5102 -1820 -6406 END
START 272 148 4060 4224 -3054 -7054 END
START 460 144 3908 2918 -3842 -8063 END
START 16 0 4100 1713 -3220 -9213 END
START -1196 -20 4644 1047 -2432 -9489 END
START -2304 -336 4852 1050 -2430 -8973 END
START -2544 -108 4772 1034 -2074 -7783 END
START -2644 -300 5024 930 -1237 -6690 END
START -2408 -124 4796 746 -229 -5897 END
START -2040 -92 4580 308 -209 -5538 END
START -1980 144 4524 -280 -850 -5681 END
START -2332 292 4804 -697 -1417 -6032 END
START -2880 340 4920 -1074 -1594 -5895 END
START -3712 208 5320 -1304 -445 -5249 END
START -4344 148 5096 -1418 990 -4193 END
START -5060 396 5016 -1619 1251 -2764 END
START -5260 372 4612 -2106 228 -1322 END
START -4904 348 4428 -3000 -72 -135 END
START -4656 264 4380 -3917 -650 750 END
START -4332 448 4544 -4792 -1485 1349 END
START -4064 452 4976 -5585 -1980 1737 END
START -4208 360 5308 -6178 -1982 2092 END
START -4392 276 5448 -6683 -1813 2707 END
START -4628 60 5768 -7043 -1650 3587 END
START -4676 -132 6040 -7270 -772 4621 END
START -4920 -396 5916 -7405 -660 5685 END
START -4816 -832 5800 -7727 -960 6864 END
START -4352 -804 5948 -8358 -1073 7949 END
START -3316 -808 6480 -8794 -527 8745 END
START -2984 -996 7456 -8645 194 8840 END
START -2456 -824 8040 -7920 238 8770 END
START -2372 -1124 8552 -6736 293 8575 END
START -2348 -1168 8464 -5881 823 8861 END
START -2484 -1188 8520 -5005 2070 9151 END
START -2516 -1212 8624 -4011 4086 9512 END
START -2108 -1320 8420 -3317 5357 9875 END
START -1496 -1836 8024 -2914 6105 10212 END
START -648 -1916 7408 -2584 5344 9760 END
START 476 -1788 7252 -2903 3438 8689 END
START 656 -1660 7324 -3501 2167 7186 END
START 764 -1784 8184 -3651 2130 5907 END